19.1 39.9 
28.8 11.9 
3.4 25.3 
2.7 38.5 
35.8 10.6 
36.9 34.0 
3.4 33.2 
17.4 26.8 
39.2 2.7 
0.1 6.9 
15.2 25.8 
30.1 21.9 
30.0 24.3 
4.7 7.7 
5.1 35.9 
13.9 22.3 
1.3 38.7 
19.8 25.5 
20.8 26.2 
28.2 20.7 
5.3 15.9 
33.0 0.1 
8.2 5.9 
11.4 1.7 
32.5 5.9 
7.3 39.6 
5.7 18.1 
26.2 36.6 
21.6 36.9 
9.2 29.7 
20.6 2.0 
27.6 0.1 
10.1 37.7 
38.9 18.1 
9.8 1.1 
21.1 7.2 
20.4 4.7 
14.5 33.3 
5.2 39.8 
26.0 25.7 
11.7 22.5 
30.9 27.4 
34.6 30.9 
33.8 1.4 
7.0 35.0 
13.1 19.8 
32.4 24.7 
11.6 1.7 
1.1 15.1 
9.9 36.5 
3.0 33.5 
8.8 6.4 
14.2 8.0 
33.2 33.2 
18.8 18.6 
18.3 11.3 
23.8 8.0 
5.8 33.3 
10.9 27.9 
8.6 28.7 
24.9 26.8 
8.7 2.5 
21.8 14.9 
36.8 9.9 
11.6 35.1 
2.0 28.3 
14.9 18.3 
28.6 31.5 
7.9 10.1 
28.6 22.7 
28.5 9.9 
9.7 5.3 
16.3 18.7 
2.7 11.2 
26.2 25.4 
5.2 11.6 
26.1 27.3 
38.0 37.2 
22.7 33.7 
20.4 1.0 